0,385
0,384
0,319
0,318
0,317
0,316
0,315
0,313
0,312
0,311
0,310
83,0
83,1
83,3
0,308
82,2
82,0
82,1
82,3
81,2
81,0
81,1
81,3
0,280
76,2
76,0
76,1
76,3
0,383
155,4
155,2
155,0
155,1
155,3
160,2
160,0
160,1
160,3
159,2
159,0
159,1
159,3
158,2
158,0
158,1
158,3
157,2
157,0
157,1
157,3
0,382
0,410
14,2
14,0
0,278
156,2
156,0
156,1
156,3
14,5
200,35
14,6
188,3
188,1
187,3
187,1
185,3
185,1
182,3
182,1
175,3
175,1
174,3
174,1
170,3
170,1
169,3
169,1
168,3
168,1
167,3
167,1
166,3
166,1
165,3
165,1
163,4
163,3
163,1
161,2
138,3
138,2
138,1
138,0
137,3
137,2
137,1
137,0
130,3
130,2
130,1
130,0
129,3
129,2
129,1
129,0
126,3
126,2
126,1
126,0
125,3
125,2
125,1
125,0
124,3
124,2
124,1
124,0
123,3
123,2
123,1
123,0
119,3
119,1
112,3
112,2
112,1
108,3
108,1
106,3
106,1
102,3
102,2
102,1
102,0
101,3
101,2
101,1
101,0
100,3
100,2
100,1
100,0
94,3
94,2
94,1
94,0
20,3
20,2
20,1
19,3
19,2
19,1
18,3
18,1
12,3
12,2
12,1
11,3
11,2
11,1
10,3
10,2
10,1
9,3
9,2
9,1
8,3
8,2
8,1
3,3
3,2
3,1
2,3
2,2
2,1
0,0
13,1
13,3
161,1
161,3
